8 4 5 2 9 3 6 7 1 
6 7 1 8 4 5 2 9 3 
2 9 3 6 7 1 8 4 5 
7 1 8 4 5 2 9 3 6 
9 3 6 7 1 8 4 5 2 
4 5 2 9 3 6 7 1 8 
1 8 4 5 2 9 3 6 7 
3 6 7 1 8 4 5 2 9 
5 2 9 3 6 7 1 8 4 

8 4 5 2 9 3 6 7 1 
6 7 1 8 4 5 2 9 3 
2 9 3 6 7 1 8 4 5 
7 1 8 4 5 2 9 3 6 
9 3 6 7 1 8 4 5 2 
4 5 2 9 3 6 7 1 8 
1 8 4 5 2 9 3 6 7 
5 2 9 3 6 7 1 8 4 
3 6 7 1 8 4 5 2 9 

8 4 5 2 9 3 6 7 1 
6 7 1 8 4 5 2 9 3 
2 9 3 6 7 1 8 4 5 
7 1 8 4 5 2 9 3 6 
9 3 6 7 1 8 4 5 2 
4 5 2 9 3 6 7 1 8 
3 6 7 1 8 4 5 2 9 
1 8 4 5 2 9 3 6 7 
5 2 9 3 6 7 1 8 4 

8 4 5 2 9 3 6 7 1 
6 7 1 8 4 5 2 9 3 
2 9 3 6 7 1 8 4 5 
7 1 8 4 5 2 9 3 6 
9 3 6 7 1 8 4 5 2 
4 5 2 9 3 6 7 1 8 
3 6 7 1 8 4 5 2 9 
5 2 9 3 6 7 1 8 4 
1 8 4 5 2 9 3 6 7 

8 4 5 2 9 3 6 7 1 
6 7 1 8 4 5 2 9 3 
2 9 3 6 7 1 8 4 5 
7 1 8 4 5 2 9 3 6 
9 3 6 7 1 8 4 5 2 
4 5 2 9 3 6 7 1 8 
5 2 9 3 6 7 1 8 4 
1 8 4 5 2 9 3 6 7 
3 6 7 1 8 4 5 2 9 

8 4 5 2 9 3 6 7 1 
6 7 1 8 4 5 2 9 3 
2 9 3 6 7 1 8 4 5 
7 1 8 4 5 2 9 3 6 
9 3 6 7 1 8 4 5 2 
4 5 2 9 3 6 7 1 8 
5 2 9 3 6 7 1 8 4 
3 6 7 1 8 4 5 2 9 
1 8 4 5 2 9 3 6 7 

8 4 5 2 9 3 6 7 1 
6 7 1 8 4 5 2 9 3 
2 9 3 6 7 1 8 4 5 
7 1 8 4 5 2 9 3 6 
4 5 2 9 3 6 7 1 8 
9 3 6 7 1 8 4 5 2 
1 8 4 5 2 9 3 6 7 
3 6 7 1 8 4 5 2 9 
5 2 9 3 6 7 1 8 4 

8 4 5 2 9 3 6 7 1 
6 7 1 8 4 5 2 9 3 
2 9 3 6 7 1 8 4 5 
7 1 8 4 5 2 9 3 6 
4 5 2 9 3 6 7 1 8 
9 3 6 7 1 8 4 5 2 
1 8 4 5 2 9 3 6 7 
5 2 9 3 6 7 1 8 4 
3 6 7 1 8 4 5 2 9 

8 4 5 2 9 3 6 7 1 
6 7 1 8 4 5 2 9 3 
2 9 3 6 7 1 8 4 5 
7 1 8 4 5 2 9 3 6 
4 5 2 9 3 6 7 1 8 
9 3 6 7 1 8 4 5 2 
3 6 7 1 8 4 5 2 9 
1 8 4 5 2 9 3 6 7 
5 2 9 3 6 7 1 8 4 

8 4 5 2 9 3 6 7 1 
6 7 1 8 4 5 2 9 3 
2 9 3 6 7 1 8 4 5 
7 1 8 4 5 2 9 3 6 
4 5 2 9 3 6 7 1 8 
9 3 6 7 1 8 4 5 2 
3 6 7 1 8 4 5 2 9 
5 2 9 3 6 7 1 8 4 
1 8 4 5 2 9 3 6 7 

8 4 5 2 9 3 6 7 1 
6 7 1 8 4 5 2 9 3 
2 9 3 6 7 1 8 4 5 
7 1 8 4 5 2 9 3 6 
4 5 2 9 3 6 7 1 8 
9 3 6 7 1 8 4 5 2 
5 2 9 3 6 7 1 8 4 
1 8 4 5 2 9 3 6 7 
3 6 7 1 8 4 5 2 9 

8 4 5 2 9 3 6 7 1 
6 7 1 8 4 5 2 9 3 
2 9 3 6 7 1 8 4 5 
7 1 8 4 5 2 9 3 6 
4 5 2 9 3 6 7 1 8 
9 3 6 7 1 8 4 5 2 
5 2 9 3 6 7 1 8 4 
3 6 7 1 8 4 5 2 9 
1 8 4 5 2 9 3 6 7 

8 4 5 2 9 3 6 7 1 
6 7 1 8 4 5 2 9 3 
2 9 3 6 7 1 8 4 5 
9 3 6 7 1 8 4 5 2 
7 1 8 4 5 2 9 3 6 
4 5 2 9 3 6 7 1 8 
1 8 4 5 2 9 3 6 7 
3 6 7 1 8 4 5 2 9 
5 2 9 3 6 7 1 8 4 

8 4 5 2 9 3 6 7 1 
6 7 1 8 4 5 2 9 3 
2 9 3 6 7 1 8 4 5 
9 3 6 7 1 8 4 5 2 
7 1 8 4 5 2 9 3 6 
4 5 2 9 3 6 7 1 8 
1 8 4 5 2 9 3 6 7 
5 2 9 3 6 7 1 8 4 
3 6 7 1 8 4 5 2 9 

8 4 5 2 9 3 6 7 1 
6 7 1 8 4 5 2 9 3 
2 9 3 6 7 1 8 4 5 
9 3 6 7 1 8 4 5 2 
7 1 8 4 5 2 9 3 6 
4 5 2 9 3 6 7 1 8 
3 6 7 1 8 4 5 2 9 
1 8 4 5 2 9 3 6 7 
5 2 9 3 6 7 1 8 4 

8 4 5 2 9 3 6 7 1 
6 7 1 8 4 5 2 9 3 
2 9 3 6 7 1 8 4 5 
9 3 6 7 1 8 4 5 2 
7 1 8 4 5 2 9 3 6 
4 5 2 9 3 6 7 1 8 
3 6 7 1 8 4 5 2 9 
5 2 9 3 6 7 1 8 4 
1 8 4 5 2 9 3 6 7 

8 4 5 2 9 3 6 7 1 
6 7 1 8 4 5 2 9 3 
2 9 3 6 7 1 8 4 5 
9 3 6 7 1 8 4 5 2 
7 1 8 4 5 2 9 3 6 
4 5 2 9 3 6 7 1 8 
5 2 9 3 6 7 1 8 4 
1 8 4 5 2 9 3 6 7 
3 6 7 1 8 4 5 2 9 

8 4 5 2 9 3 6 7 1 
6 7 1 8 4 5 2 9 3 
2 9 3 6 7 1 8 4 5 
9 3 6 7 1 8 4 5 2 
7 1 8 4 5 2 9 3 6 
4 5 2 9 3 6 7 1 8 
5 2 9 3 6 7 1 8 4 
3 6 7 1 8 4 5 2 9 
1 8 4 5 2 9 3 6 7 

8 4 5 2 9 3 6 7 1 
6 7 1 8 4 5 2 9 3 
2 9 3 6 7 1 8 4 5 
9 3 6 7 1 8 4 5 2 
4 5 2 9 3 6 7 1 8 
7 1 8 4 5 2 9 3 6 
1 8 4 5 2 9 3 6 7 
3 6 7 1 8 4 5 2 9 
5 2 9 3 6 7 1 8 4 

8 4 5 2 9 3 6 7 1 
6 7 1 8 4 5 2 9 3 
2 9 3 6 7 1 8 4 5 
9 3 6 7 1 8 4 5 2 
4 5 2 9 3 6 7 1 8 
7 1 8 4 5 2 9 3 6 
1 8 4 5 2 9 3 6 7 
5 2 9 3 6 7 1 8 4 
3 6 7 1 8 4 5 2 9 

